0 0.480469 0.344792 0.0359375 0.0395833
0 0.492188 0.395833 0.028125 0.0375
0 0.439844 0.291667 0.05 0.0520833
0 0.589844 0.319271 0.034375 0.0302083
0 0.277344 0.392708 0.034375 0.04375
0 0.244531 0.376563 0.0296875 0.0364583
0 0.0289063 0.6875 0.0453125 0.0645833
0 0.406641 0.647917 0.0710938 0.102083
0 0.592969 0.373437 0.0328125 0.040625
0 0.532031 0.365104 0.04375 0.0614583
0 0.191406 0.478125 0.046875 0.0458333
0 0.514063 0.942708 0.107813 0.114583
0 0.650391 0.590625 0.0507812 0.0791667
0 0.5 0.570312 0.128125 0.230208
0 0.738281 0.600521 0.0671875 0.0947917
0 0.0949219 0.909375 0.138281 0.166667
0 0.216797 0.723437 0.0929687 0.107292
0 0.313281 0.808333 0.125 0.183333
