0 0.548437 0.448958 0.046875 0.0666667
0 0.549219 0.395312 0.034375 0.0385417
0 0.546875 0.375521 0.0359375 0.059375
0 0.491797 0.409896 0.0429688 0.059375
0 0.547266 0.496875 0.0523437 0.0979167
0 0.253516 0.444271 0.0382813 0.0427083
0 0.49375 0.45625 0.04375 0.05625
0 0.474219 0.530208 0.0484375 0.0729167
0 0.727344 0.584375 0.103125 0.18125
0 0.635547 0.441146 0.0492188 0.0552083
0 0.0773437 0.559375 0.065625 0.0666667
0 0.419922 0.65 0.0710938 0.0916667
0 0.587109 0.814583 0.0867188 0.147917
0 0.321875 0.822396 0.114063 0.146875
