0 0.491797 0.307813 0.0242187 0.0260417
0 0.444141 0.304688 0.0492188 0.0489583
0 0.480859 0.279167 0.0226563 0.0229167
0 0.284375 0.494271 0.0375 0.040625
0 0.240625 0.397917 0.0265625 0.03125
0 0.0554687 0.553125 0.0921875 0.11875
0 0.292969 0.333854 0.025 0.034375
0 0.36875 0.314063 0.0296875 0.0364583
0 0.563281 0.345313 0.0296875 0.040625
0 0.475 0.327604 0.0359375 0.034375
0 0.469141 0.552604 0.0632813 0.0697917
0 0.425781 0.621354 0.0828125 0.113542
0 0.365625 0.2875 0.0359375 0.0479167
0 0.221875 0.419271 0.0328125 0.0385417
0 0.0917969 0.618229 0.0617188 0.0697917
0 0.49375 0.408333 0.03125 0.0416667
0 0.271094 0.425 0.034375 0.0479167
0 0.475391 0.510417 0.0773437 0.152083
0 0.482031 0.363021 0.034375 0.0385417
0 0.0234375 0.64375 0.0328125 0.0833333
0 0.541406 0.382812 0.0328125 0.040625
0 0.620313 0.373958 0.04375 0.05
0 0.130859 0.641146 0.0773437 0.096875
0 0.566797 0.555729 0.0460938 0.0677083
0 0.707031 0.827083 0.090625 0.147917
0 0.677734 0.464063 0.0460938 0.053125
0 0.634375 0.551042 0.078125 0.191667
0 0.310937 0.582292 0.059375 0.0854167
0 0.147266 0.489062 0.133594 0.176042
0 0.0417969 0.751042 0.0664062 0.0916667
0 0.516797 0.639583 0.0679687 0.0979167
0 0.357422 0.755208 0.178906 0.275
