0 0.608984 0.390625 0.0320312 0.04375
0 0.391016 0.411458 0.0460938 0.06875
0 0.557031 0.374479 0.0375 0.0489583
0 0.149219 0.609375 0.065625 0.0645833
0 0.0292969 0.679688 0.0398437 0.0510417
0 0.378906 0.301042 0.0359375 0.05
0 0.585156 0.344271 0.0296875 0.0364583
0 0.385547 0.363542 0.0351562 0.04375
0 0.137891 0.545313 0.0601562 0.053125
0 0.851562 0.839583 0.103125 0.139583
0 0.227734 0.441146 0.0523437 0.0489583
0 0.626172 0.470313 0.0414063 0.053125
0 0.626562 0.592188 0.053125 0.0822917
0 0.284766 0.561979 0.163281 0.226042
