0 0.196094 0.354167 0.034375 0.05625
0 0.494531 0.457812 0.0453125 0.0447917
0 0.395312 0.618229 0.05 0.0552083
0 0.493359 0.407813 0.0476562 0.059375
0 0.189844 0.421354 0.0328125 0.0364583
0 0.542188 0.317708 0.0296875 0.03125
0 0.525 0.389583 0.028125 0.0395833
0 0.424609 0.640625 0.0648438 0.0604167
0 0.491016 0.377083 0.0570313 0.1125
0 0.414844 0.676042 0.0578125 0.0729167
0 0.486719 0.503646 0.040625 0.0510417
0 0.548047 0.442708 0.0351562 0.0479167
0 0.579687 0.341146 0.0390625 0.0447917
0 0.525 0.879167 0.170312 0.239583
0 0.344141 0.521354 0.0445312 0.0697917
0 0.560156 0.396354 0.0375 0.059375
0 0.550781 0.511458 0.0484375 0.08125
0 0.635938 0.440104 0.0390625 0.0510417
0 0.530078 0.596875 0.0664062 0.0854167
0 0.200781 0.536979 0.059375 0.065625
0 0.598437 0.693229 0.0734375 0.119792
0 0.467187 0.588021 0.0671875 0.078125
0 0.308594 0.609375 0.071875 0.108333
0 0.488281 0.688542 0.0921875 0.133333
0 0.108594 0.670833 0.08125 0.075
0 0.130859 0.822917 0.247656 0.354167
0 0.341797 0.811458 0.113281 0.145833
