0 0.275391 0.420833 0.0335938 0.04375
0 0.484766 0.277604 0.0210938 0.0239583
0 0.145703 0.403646 0.114844 0.119792
0 0.280078 0.376042 0.0304688 0.0416667
0 0.0886719 0.519271 0.0648438 0.053125
0 0.456641 0.30625 0.0351562 0.0458333
0 0.0714844 0.511979 0.0523437 0.0510417
0 0.389062 0.352604 0.028125 0.040625
0 0.144922 0.479688 0.0445312 0.0447917
0 0.111328 0.525521 0.0460938 0.0447917
0 0.496094 0.376042 0.046875 0.0791667
0 0.574609 0.315104 0.0695312 0.0989583
0 0.494531 0.492708 0.040625 0.06875
0 0.0621094 0.570833 0.0648438 0.0666667
0 0.628516 0.565104 0.0445312 0.078125
0 0.436719 0.614583 0.071875 0.114583
0 0.0390625 0.714583 0.0625 0.0854167
0 0.305859 0.857292 0.117969 0.1625
0 0.563672 0.810938 0.0867188 0.140625
